#         t          x          y          z         vx         vy         vz
      0.000    -98.600   -119.990   -127.780    -28.430    173.920     93.230
      0.100   -101.052   -102.218   -118.008    -20.616    181.522    102.203
      0.200   -102.625    -83.677   -107.281    -10.845    189.290    112.337
      0.300   -103.091    -64.365    -95.473      1.529    196.964    123.824
      0.400   -102.144    -44.315    -82.441     17.405    204.024    136.826
      0.500    -99.375    -23.642    -68.032     37.978    209.449    151.356
      0.600    -94.244     -2.603    -52.115     64.654    211.319    166.982
      0.700    -86.088     18.278    -34.656     98.462    206.303    182.193
      0.800    -74.253     38.082    -15.872    138.238    189.777    193.490
      0.900    -58.449     55.503      3.583    177.836    158.635    195.603
      1.000    -39.208     69.287     22.592    206.985    117.057    184.575
      1.100    -17.832     78.881     40.064    220.545     74.815    164.870
      1.200      4.260     84.554     55.420    221.289     38.651    142.250
      1.300     26.039     86.993     68.552    214.280     10.131    120.388
      1.400     46.919     86.914     79.605    203.320    -11.715    100.679
      1.500     66.615     84.910     88.806    190.618    -28.374     83.345
      1.600     85.013     81.434     96.383    177.330    -41.135     68.178
      1.700    102.081     76.829    102.535    164.033    -50.975     54.862
      1.800    117.832     71.350    107.432    150.997    -58.598     43.095
      1.900    132.299     65.195    111.218    138.337    -64.511     32.614
      2.000    145.520     58.515    114.009    126.089    -69.079     23.205
      2.100    157.537     51.433    115.904    114.244    -72.568     14.696
      2.200    168.388     44.046    116.986    102.779    -75.174      6.949
      2.300    178.110     36.435    117.326     91.657    -77.044     -0.148
      2.400    186.735     28.668    116.984     80.843    -78.289     -6.685
      2.500    194.292     20.804    116.013     70.298    -78.992    -12.735
      2.600    200.806     12.894    114.459     59.987    -79.217    -18.358
      2.700    206.299      4.982    112.361     49.874    -79.014    -23.603
      2.800    210.790     -2.890    109.755     39.928    -78.420    -28.512
      2.900    214.292    -10.684    106.673     30.117    -77.464    -33.120
      3.000    216.818    -18.365    103.145     20.410    -76.166    -37.455
      3.100    218.378    -25.901     99.195     10.777    -74.542    -41.545
      3.200    218.976    -33.258     94.847      1.186    -72.600    -45.410
      3.300    218.615    -40.405     90.123     -8.398    -70.342    -49.071
      3.400    217.295    -47.310     85.042    -18.011    -67.765    -52.545
      3.500    215.009    -53.941     79.622    -27.692    -64.856    -55.846
      3.600    211.751    -60.264     73.881    -37.487    -61.596    -58.984
      3.700    207.504    -66.241     67.833    -47.444    -57.954    -61.966
      3.800    202.251    -71.833     61.495    -57.616    -53.886    -64.793
      3.900    195.967    -76.994     54.883    -68.066    -49.337    -67.462
      4.000    188.621    -81.673     48.011    -78.858    -44.231    -69.961
      4.100    180.174    -85.808     40.900    -90.071    -38.470    -72.268
      4.200    170.581    -89.328     33.569   -101.790    -31.923    -74.347
      4.300    159.786    -92.145     26.045   -114.116    -24.421    -76.143
      4.400    147.722    -94.152     18.359   -127.162    -15.730    -77.570
      4.500    134.311    -95.216     10.556   -141.058     -5.535    -78.496
      4.600    119.461    -95.162      2.695   -155.942      6.610    -78.713
      4.700    103.067    -93.764     -5.127   -171.941     21.346    -77.734
      4.800     85.015    -90.717    -12.767   -189.093     39.601    -75.074
      4.900     65.200    -85.597    -20.008   -207.217     62.787    -69.736
      5.000     43.567    -77.807    -26.488   -225.428     93.025    -59.868
      5.100     20.257    -66.495    -31.582   -240.787    133.205    -42.011
      5.200     -4.017    -50.572    -34.196   -244.694    185.267    -10.268
      5.300    -27.153    -29.290    -32.714   -218.022    240.356     39.909
      5.400    -45.592     -3.993    -26.095   -150.761    265.600     92.463
      5.500    -57.021     21.752    -15.426    -77.807    249.302    120.917
      5.600    -62.082     45.013     -2.971    -23.420    215.906    128.194
      5.700    -62.566     64.837      9.644     13.737    180.587    124.100
      5.800    -59.919     81.253     21.634     39.202    147.720    115.698
      5.900    -55.107     94.531     32.688     57.051    117.846    105.389
      6.000    -48.768    104.954     42.666     69.725     90.619     94.179
      6.100    -41.347    112.763     51.500     78.690     65.555     82.490
      6.200    -33.171    118.151     59.149     84.844     42.206     70.489
      6.300    -24.491    121.271     65.584     88.749     20.202     58.217
      6.400    -15.515    122.243     70.778     90.760     -0.763     45.656
      6.500     -6.423    121.158     74.698     91.095    -20.953     32.746
      6.600      2.626    118.079     77.304     89.877    -40.616     19.388
      6.700     11.476    113.048     78.545     87.125    -60.006      5.426
      6.800     19.969    106.078     78.348     82.738    -79.395     -9.369
      6.900     27.928     97.155     76.614     76.441    -99.067    -25.319
      7.000     35.136     86.236     73.204     67.714   -119.302    -42.874
      7.100     41.304     73.254     67.927     55.649   -140.354    -62.664
      7.200     46.019     58.118     60.514     38.648   -162.356    -85.594
      7.300     48.639     40.751     50.585     13.757   -184.992   -112.982
      7.400     48.083     21.187     37.608    -24.875   -206.275   -146.573
      7.500     42.378      0.002     20.930    -89.236   -217.428   -186.984
      7.600     28.227    -20.024      0.607   -193.770   -183.105   -219.477
      7.700      5.582    -32.837    -19.028   -259.134    -73.146   -173.217
      7.800    -19.332    -36.217    -33.156   -239.157      5.546   -109.331
      7.900    -41.214    -33.567    -41.688   -198.482     47.444    -61.323
      8.000    -58.956    -27.686    -46.047   -156.343     70.187    -25.848
      8.100    -72.571    -20.054    -47.260   -115.960     82.442      1.588
      8.200    -82.234    -11.526    -45.996    -77.315     88.117     23.694
      8.300    -88.089     -2.669    -42.710    -39.784     89.038     42.023
      8.400    -90.211      6.086    -37.734     -2.653     86.051     57.494
      8.500    -88.597     14.360    -31.324     34.939     79.442     70.714
      8.600    -83.139     21.777    -23.685     74.226     68.884     82.049
      8.700    -73.578     27.872    -15.012    116.994     53.017     91.428
      8.800    -59.441     31.950     -5.549    165.738     28.546     97.818
      8.900    -39.966     32.752      4.190    223.758    -12.501     96.974
      9.000    -14.341     27.612     12.539    288.750    -90.298     69.994
      9.100     14.413     11.746     14.308    286.317   -227.018    -34.611
      9.200     35.915    -10.934      7.457    143.731   -226.588   -102.406
      9.300     45.858    -31.165     -3.028     55.140   -178.039   -107.289
      9.400     48.636    -46.579    -13.134      0.415   -130.230    -94.844
      9.500     46.786    -57.386    -21.782    -37.410    -85.917    -78.103
      9.600     41.651    -63.868    -28.629    -65.304    -43.720    -58.846
      9.700     34.069    -66.164    -33.434    -86.334     -2.195    -37.257
      9.800     24.644    -64.265    -35.942   -102.154     40.168    -12.902
      9.900     13.862    -57.959    -35.796   -113.490     85.959     15.828
     10.000      2.256    -46.683    -32.360   -118.637    139.559     52.887
     10.100     -9.109    -29.276    -24.327   -108.656    208.583    107.779
